   0.0000000e+00   3.0000000e+02   3.2447544e+02
   1.0000000e-01   3.0000000e+02   3.2447544e+02
   2.0000000e-01   3.0000000e+02   3.2447544e+02
   3.0000000e-01   3.0000000e+02   3.2447544e+02
   4.0000000e-01   3.0000000e+02   3.2447544e+02
   5.0000000e-01   3.0000000e+02   3.2447544e+02
   6.0000000e-01   3.0000000e+02   3.2447544e+02
   7.0000000e-01   3.0000000e+02   3.2447544e+02
   8.0000000e-01   3.0000000e+02   3.2447544e+02
   9.0000000e-01   3.0000000e+02   3.2447544e+02
   1.0000000e+00   3.0300000e+02   3.2507462e+02
   1.1000000e+00   3.0300000e+02   3.2562272e+02
   1.2000000e+00   3.0300000e+02   3.2612702e+02
   1.3000000e+00   3.0300000e+02   3.2659336e+02
   1.4000000e+00   3.0300000e+02   3.2702643e+02
   1.5000000e+00   3.0300000e+02   3.2743005e+02
   1.6000000e+00   3.0300000e+02   3.2780738e+02
   1.7000000e+00   3.0300000e+02   3.2816103e+02
   1.8000000e+00   3.0300000e+02   3.2849318e+02
   1.9000000e+00   3.0300000e+02   3.2880569e+02
   2.0000000e+00   3.0300000e+02   3.2910012e+02
   2.1000000e+00   3.0300000e+02   3.2937784e+02
   2.2000000e+00   3.0300000e+02   3.2964001e+02
   2.3000000e+00   3.0300000e+02   3.2988767e+02
   2.4000000e+00   3.0300000e+02   3.3012171e+02
   2.5000000e+00   3.0300000e+02   3.3034293e+02
   2.6000000e+00   3.0300000e+02   3.3055204e+02
   2.7000000e+00   3.0300000e+02   3.3074969e+02
   2.8000000e+00   3.0300000e+02   3.3093646e+02
   2.9000000e+00   3.0300000e+02   3.3111286e+02
   3.0000000e+00   3.0300000e+02   3.3127938e+02
   3.1000000e+00   3.0300000e+02   3.3143647e+02
   3.2000000e+00   3.0300000e+02   3.3158453e+02
   3.3000000e+00   3.0300000e+02   3.3172395e+02
   3.4000000e+00   3.0300000e+02   3.3185508e+02
   3.5000000e+00   3.0300000e+02   3.3197826e+02
   3.6000000e+00   3.0300000e+02   3.3209380e+02
   3.7000000e+00   3.0300000e+02   3.3220201e+02
   3.8000000e+00   3.0300000e+02   3.3230317e+02
   3.9000000e+00   3.0300000e+02   3.3239755e+02
   4.0000000e+00   3.0300000e+02   3.3248541e+02
   4.1000000e+00   3.0300000e+02   3.3256701e+02
   4.2000000e+00   3.0300000e+02   3.3264258e+02
   4.3000000e+00   3.0300000e+02   3.3271235e+02
   4.4000000e+00   3.0300000e+02   3.3277657e+02
   4.5000000e+00   3.0300000e+02   3.3283544e+02
   4.6000000e+00   3.0300000e+02   3.3288918e+02
   4.7000000e+00   3.0300000e+02   3.3293801e+02
   4.8000000e+00   3.0300000e+02   3.3298212e+02
   4.9000000e+00   3.0300000e+02   3.3302173e+02
   5.0000000e+00   3.0300000e+02   3.3305702e+02
   5.1000000e+00   3.0300000e+02   3.3308820e+02
   5.2000000e+00   3.0300000e+02   3.3311545e+02
   5.3000000e+00   3.0300000e+02   3.3313896e+02
   5.4000000e+00   3.0300000e+02   3.3315892e+02
   5.5000000e+00   3.0300000e+02   3.3317551e+02
   5.6000000e+00   3.0300000e+02   3.3318892e+02
   5.7000000e+00   3.0300000e+02   3.3319930e+02
   5.8000000e+00   3.0300000e+02   3.3320685e+02
   5.9000000e+00   3.0300000e+02   3.3321173e+02
   6.0000000e+00   3.0300000e+02   3.3321412e+02
   6.1000000e+00   3.0300000e+02   3.3321416e+02
   6.2000000e+00   3.0300000e+02   3.3321203e+02
   6.3000000e+00   3.0300000e+02   3.3320789e+02
   6.4000000e+00   3.0300000e+02   3.3320189e+02
   6.5000000e+00   3.0300000e+02   3.3319417e+02
   6.6000000e+00   3.0300000e+02   3.3318489e+02
   6.7000000e+00   3.0300000e+02   3.3317419e+02
   6.8000000e+00   3.0300000e+02   3.3316221e+02
   6.9000000e+00   3.0300000e+02   3.3314907e+02
   7.0000000e+00   3.0300000e+02   3.3313492e+02
   7.1000000e+00   3.0300000e+02   3.3311986e+02
   7.2000000e+00   3.0300000e+02   3.3310403e+02
   7.3000000e+00   3.0300000e+02   3.3308754e+02
   7.4000000e+00   3.0300000e+02   3.3307049e+02
   7.5000000e+00   3.0300000e+02   3.3305299e+02
   7.6000000e+00   3.0300000e+02   3.3303514e+02
   7.7000000e+00   3.0300000e+02   3.3301702e+02
   7.8000000e+00   3.0300000e+02   3.3299874e+02
   7.9000000e+00   3.0300000e+02   3.3298036e+02
   8.0000000e+00   3.0300000e+02   3.3296197e+02
   8.1000000e+00   3.0300000e+02   3.3294363e+02
   8.2000000e+00   3.0300000e+02   3.3292542e+02
   8.3000000e+00   3.0300000e+02   3.3290739e+02
   8.4000000e+00   3.0300000e+02   3.3288959e+02
   8.5000000e+00   3.0300000e+02   3.3287209e+02
   8.6000000e+00   3.0300000e+02   3.3285492e+02
   8.7000000e+00   3.0300000e+02   3.3283813e+02
   8.8000000e+00   3.0300000e+02   3.3282175e+02
   8.9000000e+00   3.0300000e+02   3.3280582e+02
   9.0000000e+00   3.0300000e+02   3.3279035e+02
   9.1000000e+00   3.0300000e+02   3.3277539e+02
   9.2000000e+00   3.0300000e+02   3.3276094e+02
   9.3000000e+00   3.0300000e+02   3.3274702e+02
   9.4000000e+00   3.0300000e+02   3.3273364e+02
   9.5000000e+00   3.0300000e+02   3.3272083e+02
   9.6000000e+00   3.0300000e+02   3.3270857e+02
   9.7000000e+00   3.0300000e+02   3.3269688e+02
   9.8000000e+00   3.0300000e+02   3.3268575e+02
   9.9000000e+00   3.0300000e+02   3.3267519e+02
   1.0000000e+01   2.9700000e+02   3.3139079e+02
   1.0100000e+01   2.9700000e+02   3.3010033e+02
   1.0200000e+01   2.9700000e+02   3.2884590e+02
   1.0300000e+01   2.9700000e+02   3.2766021e+02
   1.0400000e+01   2.9700000e+02   3.2656568e+02
   1.0500000e+01   2.9700000e+02   3.2557519e+02
   1.0600000e+01   2.9700000e+02   3.2469366e+02
   1.0700000e+01   2.9700000e+02   3.2392007e+02
   1.0800000e+01   2.9700000e+02   3.2324922e+02
   1.0900000e+01   2.9700000e+02   3.2267337e+02
   1.1000000e+01   2.9700000e+02   3.2218343e+02
   1.1100000e+01   2.9700000e+02   3.2176984e+02
   1.1200000e+01   2.9700000e+02   3.2142320e+02
   1.1300000e+01   2.9700000e+02   3.2113463e+02
   1.1400000e+01   2.9700000e+02   3.2089596e+02
   1.1500000e+01   2.9700000e+02   3.2069985e+02
   1.1600000e+01   2.9700000e+02   3.2053981e+02
   1.1700000e+01   2.9700000e+02   3.2041017e+02
   1.1800000e+01   2.9700000e+02   3.2030601e+02
   1.1900000e+01   2.9700000e+02   3.2022312e+02
   1.2000000e+01   2.9700000e+02   3.2015788e+02
   1.2100000e+01   2.9700000e+02   3.2010725e+02
   1.2200000e+01   2.9700000e+02   3.2006862e+02
   1.2300000e+01   2.9700000e+02   3.2003982e+02
   1.2400000e+01   2.9700000e+02   3.2001903e+02
   1.2500000e+01   2.9700000e+02   3.2000469e+02
   1.2600000e+01   2.9700000e+02   3.1999555e+02
   1.2700000e+01   2.9700000e+02   3.1999053e+02
   1.2800000e+01   2.9700000e+02   3.1998875e+02
   1.2900000e+01   2.9700000e+02   3.1998950e+02
   1.3000000e+01   2.9700000e+02   3.1999217e+02
   1.3100000e+01   2.9700000e+02   3.1999627e+02
   1.3200000e+01   2.9700000e+02   3.2000141e+02
   1.3300000e+01   2.9700000e+02   3.2000727e+02
   1.3400000e+01   2.9700000e+02   3.2001358e+02
   1.3500000e+01   2.9700000e+02   3.2002015e+02
   1.3600000e+01   2.9700000e+02   3.2002680e+02
   1.3700000e+01   2.9700000e+02   3.2003342e+02
   1.3800000e+01   2.9700000e+02   3.2003990e+02
   1.3900000e+01   2.9700000e+02   3.2004618e+02
   1.4000000e+01   2.9700000e+02   3.2005221e+02
   1.4100000e+01   2.9700000e+02   3.2005794e+02
   1.4200000e+01   2.9700000e+02   3.2006335e+02
   1.4300000e+01   2.9700000e+02   3.2006843e+02
   1.4400000e+01   2.9700000e+02   3.2007318e+02
   1.4500000e+01   2.9700000e+02   3.2007759e+02
   1.4600000e+01   2.9700000e+02   3.2008168e+02
   1.4700000e+01   2.9700000e+02   3.2008546e+02
   1.4800000e+01   2.9700000e+02   3.2008893e+02
   1.4900000e+01   2.9700000e+02   3.2009211e+02
   1.5000000e+01   2.9700000e+02   3.2009501e+02
   1.5100000e+01   2.9700000e+02   3.2009767e+02
   1.5200000e+01   2.9700000e+02   3.2010008e+02
   1.5300000e+01   2.9700000e+02   3.2010227e+02
   1.5400000e+01   2.9700000e+02   3.2010425e+02
   1.5500000e+01   2.9700000e+02   3.2010604e+02
   1.5600000e+01   2.9700000e+02   3.2010766e+02
   1.5700000e+01   2.9700000e+02   3.2010912e+02
   1.5800000e+01   2.9700000e+02   3.2011043e+02
   1.5900000e+01   2.9700000e+02   3.2011160e+02
   1.6000000e+01   2.9700000e+02   3.2011266e+02
   1.6100000e+01   2.9700000e+02   3.2011360e+02
   1.6200000e+01   2.9700000e+02   3.2011444e+02
   1.6300000e+01   2.9700000e+02   3.2011519e+02
   1.6400000e+01   2.9700000e+02   3.2011587e+02
   1.6500000e+01   2.9700000e+02   3.2011646e+02
   1.6600000e+01   2.9700000e+02   3.2011699e+02
   1.6700000e+01   2.9700000e+02   3.2011746e+02
   1.6800000e+01   2.9700000e+02   3.2011788e+02
   1.6900000e+01   2.9700000e+02   3.2011825e+02
   1.7000000e+01   2.9700000e+02   3.2011858e+02
   1.7100000e+01   2.9700000e+02   3.2011887e+02
   1.7200000e+01   2.9700000e+02   3.2011912e+02
   1.7300000e+01   2.9700000e+02   3.2011935e+02
   1.7400000e+01   2.9700000e+02   3.2011955e+02
   1.7500000e+01   2.9700000e+02   3.2011972e+02
   1.7600000e+01   2.9700000e+02   3.2011987e+02
   1.7700000e+01   2.9700000e+02   3.2012001e+02
   1.7800000e+01   2.9700000e+02   3.2012013e+02
   1.7900000e+01   2.9700000e+02   3.2012023e+02
   1.8000000e+01   2.9700000e+02   3.2012032e+02
   1.8100000e+01   2.9700000e+02   3.2012040e+02
   1.8200000e+01   2.9700000e+02   3.2012047e+02
   1.8300000e+01   2.9700000e+02   3.2012053e+02
   1.8400000e+01   2.9700000e+02   3.2012058e+02
   1.8500000e+01   2.9700000e+02   3.2012063e+02
   1.8600000e+01   2.9700000e+02   3.2012066e+02
   1.8700000e+01   2.9700000e+02   3.2012070e+02
   1.8800000e+01   2.9700000e+02   3.2012073e+02
   1.8900000e+01   2.9700000e+02   3.2012075e+02
   1.9000000e+01   3.0000000e+02   3.2070378e+02
   1.9100000e+01   3.0000000e+02   3.2120772e+02
   1.9200000e+01   3.0000000e+02   3.2164535e+02
   1.9300000e+01   3.0000000e+02   3.2202676e+02
   1.9400000e+01   3.0000000e+02   3.2236011e+02
   1.9500000e+01   3.0000000e+02   3.2265201e+02
   1.9600000e+01   3.0000000e+02   3.2290794e+02
   1.9700000e+01   3.0000000e+02   3.2313245e+02
   1.9800000e+01   3.0000000e+02   3.2332939e+02
   1.9900000e+01   3.0000000e+02   3.2350206e+02
   2.0000000e+01   3.0000000e+02   3.2365329e+02
   2.0100000e+01   3.0000000e+02   3.2378553e+02
   2.0200000e+01   3.0000000e+02   3.2390094e+02
   2.0300000e+01   3.0000000e+02   3.2400141e+02
   2.0400000e+01   3.0000000e+02   3.2408863e+02
   2.0500000e+01   3.0000000e+02   3.2416408e+02
   2.0600000e+01   3.0000000e+02   3.2422911e+02
   2.0700000e+01   3.0000000e+02   3.2428490e+02
   2.0800000e+01   3.0000000e+02   3.2433253e+02
   2.0900000e+01   3.0000000e+02   3.2437296e+02
   2.1000000e+01   3.0000000e+02   3.2440705e+02
   2.1100000e+01   3.0000000e+02   3.2443558e+02
   2.1200000e+01   3.0000000e+02   3.2445923e+02
   2.1300000e+01   3.0000000e+02   3.2447864e+02
   2.1400000e+01   3.0000000e+02   3.2449436e+02
   2.1500000e+01   3.0000000e+02   3.2450689e+02
   2.1600000e+01   3.0000000e+02   3.2451667e+02
   2.1700000e+01   3.0000000e+02   3.2452410e+02
   2.1800000e+01   3.0000000e+02   3.2452952e+02
   2.1900000e+01   3.0000000e+02   3.2453325e+02
   2.2000000e+01   3.0000000e+02   3.2453555e+02
   2.2100000e+01   3.0000000e+02   3.2453667e+02
   2.2200000e+01   3.0000000e+02   3.2453681e+02
   2.2300000e+01   3.0000000e+02   3.2453616e+02
   2.2400000e+01   3.0000000e+02   3.2453487e+02
   2.2500000e+01   3.0000000e+02   3.2453308e+02
   2.2600000e+01   3.0000000e+02   3.2453090e+02
   2.2700000e+01   3.0000000e+02   3.2452844e+02
   2.2800000e+01   3.0000000e+02   3.2452578e+02
   2.2900000e+01   3.0000000e+02   3.2452300e+02
   2.3000000e+01   3.0000000e+02   3.2452014e+02
   2.3100000e+01   3.0000000e+02   3.2451726e+02
   2.3200000e+01   3.0000000e+02   3.2451440e+02
   2.3300000e+01   3.0000000e+02   3.2451160e+02
   2.3400000e+01   3.0000000e+02   3.2450887e+02
   2.3500000e+01   3.0000000e+02   3.2450623e+02
   2.3600000e+01   3.0000000e+02   3.2450371e+02
   2.3700000e+01   3.0000000e+02   3.2450132e+02
   2.3800000e+01   3.0000000e+02   3.2449905e+02
   2.3900000e+01   3.0000000e+02   3.2449691e+02
   2.4000000e+01   3.0000000e+02   3.2449491e+02
   2.4100000e+01   3.0000000e+02   3.2449304e+02
   2.4200000e+01   3.0000000e+02   3.2449131e+02
   2.4300000e+01   3.0000000e+02   3.2448970e+02
   2.4400000e+01   3.0000000e+02   3.2448822e+02
   2.4500000e+01   3.0000000e+02   3.2448686e+02
   2.4600000e+01   3.0000000e+02   3.2448562e+02
   2.4700000e+01   3.0000000e+02   3.2448448e+02
   2.4800000e+01   3.0000000e+02   3.2448344e+02
   2.4900000e+01   3.0000000e+02   3.2448250e+02
   2.5000000e+01   3.0000000e+02   3.2448165e+02
   2.5100000e+01   3.0000000e+02   3.2448088e+02
   2.5200000e+01   3.0000000e+02   3.2448019e+02
   2.5300000e+01   3.0000000e+02   3.2447957e+02
   2.5400000e+01   3.0000000e+02   3.2447902e+02
   2.5500000e+01   3.0000000e+02   3.2447853e+02
   2.5600000e+01   3.0000000e+02   3.2447809e+02
   2.5700000e+01   3.0000000e+02   3.2447770e+02
   2.5800000e+01   3.0000000e+02   3.2447735e+02
   2.5900000e+01   3.0000000e+02   3.2447705e+02
   2.6000000e+01   3.0000000e+02   3.2447679e+02
   2.6100000e+01   3.0000000e+02   3.2447655e+02
   2.6200000e+01   3.0000000e+02   3.2447635e+02
   2.6300000e+01   3.0000000e+02   3.2447618e+02
   2.6400000e+01   3.0000000e+02   3.2447603e+02
   2.6500000e+01   3.0000000e+02   3.2447590e+02
   2.6600000e+01   3.0000000e+02   3.2447578e+02
   2.6700000e+01   3.0000000e+02   3.2447569e+02
   2.6800000e+01   3.0000000e+02   3.2447561e+02
   2.6900000e+01   3.0000000e+02   3.2447554e+02
   2.7000000e+01   3.0000000e+02   3.2447549e+02
   2.7100000e+01   3.0000000e+02   3.2447544e+02
   2.7200000e+01   3.0000000e+02   3.2447541e+02
   2.7300000e+01   3.0000000e+02   3.2447538e+02
   2.7400000e+01   3.0000000e+02   3.2447535e+02
   2.7500000e+01   3.0000000e+02   3.2447534e+02
   2.7600000e+01   3.0000000e+02   3.2447532e+02
   2.7700000e+01   3.0000000e+02   3.2447532e+02
   2.7800000e+01   3.0000000e+02   3.2447531e+02
   2.7900000e+01   3.0000000e+02   3.2447531e+02
   2.8000000e+01   3.0000000e+02   3.2447531e+02
   2.8100000e+01   3.0000000e+02   3.2447531e+02
   2.8200000e+01   3.0000000e+02   3.2447531e+02
   2.8300000e+01   3.0000000e+02   3.2447531e+02
   2.8400000e+01   3.0000000e+02   3.2447532e+02
   2.8500000e+01   3.0000000e+02   3.2447532e+02
   2.8600000e+01   3.0000000e+02   3.2447533e+02
   2.8700000e+01   3.0000000e+02   3.2447534e+02
   2.8800000e+01   3.0000000e+02   3.2447534e+02
   2.8900000e+01   3.0000000e+02   3.2447535e+02
   2.9000000e+01   3.0000000e+02   3.2447536e+02
   2.9100000e+01   3.0000000e+02   3.2447536e+02
   2.9200000e+01   3.0000000e+02   3.2447537e+02
   2.9300000e+01   3.0000000e+02   3.2447537e+02
   2.9400000e+01   3.0000000e+02   3.2447538e+02
   2.9500000e+01   3.0000000e+02   3.2447538e+02
   2.9600000e+01   3.0000000e+02   3.2447539e+02
   2.9700000e+01   3.0000000e+02   3.2447539e+02
   2.9800000e+01   3.0000000e+02   3.2447540e+02
   2.9900000e+01   3.0000000e+02   3.2447540e+02
   3.0000000e+01   3.0000000e+02   3.2447541e+02
   3.0100000e+01   3.0000000e+02   3.2447541e+02
   3.0200000e+01   3.0000000e+02   3.2447541e+02
   3.0300000e+01   3.0000000e+02   3.2447542e+02
   3.0400000e+01   3.0000000e+02   3.2447542e+02
   3.0500000e+01   3.0000000e+02   3.2447542e+02
   3.0600000e+01   3.0000000e+02   3.2447543e+02
   3.0700000e+01   3.0000000e+02   3.2447543e+02
   3.0800000e+01   3.0000000e+02   3.2447543e+02
   3.0900000e+01   3.0000000e+02   3.2447543e+02
   3.1000000e+01   3.0000000e+02   3.2447543e+02
   3.1100000e+01   3.0000000e+02   3.2447543e+02
   3.1200000e+01   3.0000000e+02   3.2447544e+02
   3.1300000e+01   3.0000000e+02   3.2447544e+02
   3.1400000e+01   3.0000000e+02   3.2447544e+02
   3.1500000e+01   3.0000000e+02   3.2447544e+02
   3.1600000e+01   3.0000000e+02   3.2447544e+02
   3.1700000e+01   3.0000000e+02   3.2447544e+02
   3.1800000e+01   3.0000000e+02   3.2447544e+02
   3.1900000e+01   3.0000000e+02   3.2447544e+02
   3.2000000e+01   3.0000000e+02   3.2447544e+02
   3.2100000e+01   3.0000000e+02   3.2447544e+02
   3.2200000e+01   3.0000000e+02   3.2447544e+02
   3.2300000e+01   3.0000000e+02   3.2447544e+02
   3.2400000e+01   3.0000000e+02   3.2447544e+02
   3.2500000e+01   3.0000000e+02   3.2447544e+02
   3.2600000e+01   3.0000000e+02   3.2447544e+02
   3.2700000e+01   3.0000000e+02   3.2447544e+02
   3.2800000e+01   3.0000000e+02   3.2447544e+02
   3.2900000e+01   3.0000000e+02   3.2447544e+02
   3.3000000e+01   3.0000000e+02   3.2447544e+02
   3.3100000e+01   3.0000000e+02   3.2447544e+02
   3.3200000e+01   3.0000000e+02   3.2447544e+02
   3.3300000e+01   3.0000000e+02   3.2447544e+02
   3.3400000e+01   3.0000000e+02   3.2447544e+02
   3.3500000e+01   3.0000000e+02   3.2447544e+02
   3.3600000e+01   3.0000000e+02   3.2447544e+02
   3.3700000e+01   3.0000000e+02   3.2447544e+02
   3.3800000e+01   3.0000000e+02   3.2447544e+02
   3.3900000e+01   3.0000000e+02   3.2447544e+02
   3.4000000e+01   3.0000000e+02   3.2447544e+02
   3.4100000e+01   3.0000000e+02   3.2447544e+02
   3.4200000e+01   3.0000000e+02   3.2447544e+02
   3.4300000e+01   3.0000000e+02   3.2447544e+02
   3.4400000e+01   3.0000000e+02   3.2447544e+02
   3.4500000e+01   3.0000000e+02   3.2447544e+02
   3.4600000e+01   3.0000000e+02   3.2447544e+02
   3.4700000e+01   3.0000000e+02   3.2447544e+02
   3.4800000e+01   3.0000000e+02   3.2447544e+02
   3.4900000e+01   3.0000000e+02   3.2447544e+02
   3.5000000e+01   3.0000000e+02   3.2447544e+02
   3.5100000e+01   3.0000000e+02   3.2447544e+02
   3.5200000e+01   3.0000000e+02   3.2447544e+02
   3.5300000e+01   3.0000000e+02   3.2447544e+02
   3.5400000e+01   3.0000000e+02   3.2447544e+02
   3.5500000e+01   3.0000000e+02   3.2447544e+02
   3.5600000e+01   3.0000000e+02   3.2447544e+02
   3.5700000e+01   3.0000000e+02   3.2447544e+02
   3.5800000e+01   3.0000000e+02   3.2447544e+02
   3.5900000e+01   3.0000000e+02   3.2447544e+02
   3.6000000e+01   3.0000000e+02   3.2447544e+02
   3.6100000e+01   3.0000000e+02   3.2447544e+02
   3.6200000e+01   3.0000000e+02   3.2447544e+02
   3.6300000e+01   3.0000000e+02   3.2447544e+02
   3.6400000e+01   3.0000000e+02   3.2447544e+02
   3.6500000e+01   3.0000000e+02   3.2447544e+02
   3.6600000e+01   3.0000000e+02   3.2447544e+02
   3.6700000e+01   3.0000000e+02   3.2447544e+02
   3.6800000e+01   3.0000000e+02   3.2447544e+02
   3.6900000e+01   3.0000000e+02   3.2447544e+02
   3.7000000e+01   3.0000000e+02   3.2447544e+02
   3.7100000e+01   3.0000000e+02   3.2447544e+02
   3.7200000e+01   3.0000000e+02   3.2447544e+02
   3.7300000e+01   3.0000000e+02   3.2447544e+02
   3.7400000e+01   3.0000000e+02   3.2447544e+02
   3.7500000e+01   3.0000000e+02   3.2447544e+02
   3.7600000e+01   3.0000000e+02   3.2447544e+02
   3.7700000e+01   3.0000000e+02   3.2447544e+02
   3.7800000e+01   3.0000000e+02   3.2447544e+02
   3.7900000e+01   3.0000000e+02   3.2447544e+02
   3.8000000e+01   3.0000000e+02   3.2447544e+02
   3.8100000e+01   3.0000000e+02   3.2447544e+02
   3.8200000e+01   3.0000000e+02   3.2447544e+02
   3.8300000e+01   3.0000000e+02   3.2447544e+02
   3.8400000e+01   3.0000000e+02   3.2447544e+02
   3.8500000e+01   3.0000000e+02   3.2447544e+02
   3.8600000e+01   3.0000000e+02   3.2447544e+02
   3.8700000e+01   3.0000000e+02   3.2447544e+02
   3.8800000e+01   3.0000000e+02   3.2447544e+02
   3.8900000e+01   3.0000000e+02   3.2447544e+02
   3.9000000e+01   3.0000000e+02   3.2447544e+02
   3.9100000e+01   3.0000000e+02   3.2447544e+02
   3.9200000e+01   3.0000000e+02   3.2447544e+02
   3.9300000e+01   3.0000000e+02   3.2447544e+02
   3.9400000e+01   3.0000000e+02   3.2447544e+02
   3.9500000e+01   3.0000000e+02   3.2447544e+02
   3.9600000e+01   3.0000000e+02   3.2447544e+02
   3.9700000e+01   3.0000000e+02   3.2447544e+02
   3.9800000e+01   3.0000000e+02   3.2447544e+02
   3.9900000e+01   3.0000000e+02   3.2447544e+02
   4.0000000e+01   3.0000000e+02   3.2447544e+02
   4.0100000e+01   3.0000000e+02   3.2447544e+02
   4.0200000e+01   3.0000000e+02   3.2447544e+02
   4.0300000e+01   3.0000000e+02   3.2447544e+02
   4.0400000e+01   3.0000000e+02   3.2447544e+02
   4.0500000e+01   3.0000000e+02   3.2447544e+02
   4.0600000e+01   3.0000000e+02   3.2447544e+02
   4.0700000e+01   3.0000000e+02   3.2447544e+02
   4.0800000e+01   3.0000000e+02   3.2447544e+02
   4.0900000e+01   3.0000000e+02   3.2447544e+02
   4.1000000e+01   3.0000000e+02   3.2447544e+02
   4.1100000e+01   3.0000000e+02   3.2447544e+02
   4.1200000e+01   3.0000000e+02   3.2447544e+02
   4.1300000e+01   3.0000000e+02   3.2447544e+02
   4.1400000e+01   3.0000000e+02   3.2447544e+02
   4.1500000e+01   3.0000000e+02   3.2447544e+02
   4.1600000e+01   3.0000000e+02   3.2447544e+02
   4.1700000e+01   3.0000000e+02   3.2447544e+02
   4.1800000e+01   3.0000000e+02   3.2447544e+02
   4.1900000e+01   3.0000000e+02   3.2447544e+02
   4.2000000e+01   3.0000000e+02   3.2447544e+02
   4.2100000e+01   3.0000000e+02   3.2447544e+02
   4.2200000e+01   3.0000000e+02   3.2447544e+02
   4.2300000e+01   3.0000000e+02   3.2447544e+02
   4.2400000e+01   3.0000000e+02   3.2447544e+02
   4.2500000e+01   3.0000000e+02   3.2447544e+02
   4.2600000e+01   3.0000000e+02   3.2447544e+02
   4.2700000e+01   3.0000000e+02   3.2447544e+02
   4.2800000e+01   3.0000000e+02   3.2447544e+02
   4.2900000e+01   3.0000000e+02   3.2447544e+02
   4.3000000e+01   3.0000000e+02   3.2447544e+02
   4.3100000e+01   3.0000000e+02   3.2447544e+02
   4.3200000e+01   3.0000000e+02   3.2447544e+02
   4.3300000e+01   3.0000000e+02   3.2447544e+02
   4.3400000e+01   3.0000000e+02   3.2447544e+02
   4.3500000e+01   3.0000000e+02   3.2447544e+02
   4.3600000e+01   3.0000000e+02   3.2447544e+02
   4.3700000e+01   3.0000000e+02   3.2447544e+02
   4.3800000e+01   3.0000000e+02   3.2447544e+02
   4.3900000e+01   3.0000000e+02   3.2447544e+02
   4.4000000e+01   3.0000000e+02   3.2447544e+02
   4.4100000e+01   3.0000000e+02   3.2447544e+02
   4.4200000e+01   3.0000000e+02   3.2447544e+02
   4.4300000e+01   3.0000000e+02   3.2447544e+02
   4.4400000e+01   3.0000000e+02   3.2447544e+02
   4.4500000e+01   3.0000000e+02   3.2447544e+02
   4.4600000e+01   3.0000000e+02   3.2447544e+02
   4.4700000e+01   3.0000000e+02   3.2447544e+02
   4.4800000e+01   3.0000000e+02   3.2447544e+02
   4.4900000e+01   3.0000000e+02   3.2447544e+02
   4.5000000e+01   3.0000000e+02   3.2447544e+02
   4.5100000e+01   3.0000000e+02   3.2447544e+02
   4.5200000e+01   3.0000000e+02   3.2447544e+02
   4.5300000e+01   3.0000000e+02   3.2447544e+02
   4.5400000e+01   3.0000000e+02   3.2447544e+02
   4.5500000e+01   3.0000000e+02   3.2447544e+02
   4.5600000e+01   3.0000000e+02   3.2447544e+02
   4.5700000e+01   3.0000000e+02   3.2447544e+02
   4.5800000e+01   3.0000000e+02   3.2447544e+02
   4.5900000e+01   3.0000000e+02   3.2447544e+02
   4.6000000e+01   3.0000000e+02   3.2447544e+02
   4.6100000e+01   3.0000000e+02   3.2447544e+02
   4.6200000e+01   3.0000000e+02   3.2447544e+02
   4.6300000e+01   3.0000000e+02   3.2447544e+02
   4.6400000e+01   3.0000000e+02   3.2447544e+02
   4.6500000e+01   3.0000000e+02   3.2447544e+02
   4.6600000e+01   3.0000000e+02   3.2447544e+02
   4.6700000e+01   3.0000000e+02   3.2447544e+02
   4.6800000e+01   3.0000000e+02   3.2447544e+02
   4.6900000e+01   3.0000000e+02   3.2447544e+02
   4.7000000e+01   3.0000000e+02   3.2447544e+02
   4.7100000e+01   3.0000000e+02   3.2447544e+02
   4.7200000e+01   3.0000000e+02   3.2447544e+02
   4.7300000e+01   3.0000000e+02   3.2447544e+02
   4.7400000e+01   3.0000000e+02   3.2447544e+02
   4.7500000e+01   3.0000000e+02   3.2447544e+02
   4.7600000e+01   3.0000000e+02   3.2447544e+02
   4.7700000e+01   3.0000000e+02   3.2447544e+02
   4.7800000e+01   3.0000000e+02   3.2447544e+02
   4.7900000e+01   3.0000000e+02   3.2447544e+02
   4.8000000e+01   3.0000000e+02   3.2447544e+02
   4.8100000e+01   3.0000000e+02   3.2447544e+02
   4.8200000e+01   3.0000000e+02   3.2447544e+02
   4.8300000e+01   3.0000000e+02   3.2447544e+02
   4.8400000e+01   3.0000000e+02   3.2447544e+02
   4.8500000e+01   3.0000000e+02   3.2447544e+02
   4.8600000e+01   3.0000000e+02   3.2447544e+02
   4.8700000e+01   3.0000000e+02   3.2447544e+02
   4.8800000e+01   3.0000000e+02   3.2447544e+02
   4.8900000e+01   3.0000000e+02   3.2447544e+02
   4.9000000e+01   3.0000000e+02   3.2447544e+02
   4.9100000e+01   3.0000000e+02   3.2447544e+02
   4.9200000e+01   3.0000000e+02   3.2447544e+02
   4.9300000e+01   3.0000000e+02   3.2447544e+02
   4.9400000e+01   3.0000000e+02   3.2447544e+02
   4.9500000e+01   3.0000000e+02   3.2447544e+02
   4.9600000e+01   3.0000000e+02   3.2447544e+02
   4.9700000e+01   3.0000000e+02   3.2447544e+02
   4.9800000e+01   3.0000000e+02   3.2447544e+02
   4.9900000e+01   3.0000000e+02   3.2447544e+02
   5.0000000e+01   3.0000000e+02   3.2447544e+02
   5.0100000e+01   3.0000000e+02   3.2447544e+02
   5.0200000e+01   3.0000000e+02   3.2447544e+02
   5.0300000e+01   3.0000000e+02   3.2447544e+02
   5.0400000e+01   3.0000000e+02   3.2447544e+02
   5.0500000e+01   3.0000000e+02   3.2447544e+02
   5.0600000e+01   3.0000000e+02   3.2447544e+02
   5.0700000e+01   3.0000000e+02   3.2447544e+02
   5.0800000e+01   3.0000000e+02   3.2447544e+02
   5.0900000e+01   3.0000000e+02   3.2447544e+02
   5.1000000e+01   3.0000000e+02   3.2447544e+02
   5.1100000e+01   3.0000000e+02   3.2447544e+02
   5.1200000e+01   3.0000000e+02   3.2447544e+02
   5.1300000e+01   3.0000000e+02   3.2447544e+02
   5.1400000e+01   3.0000000e+02   3.2447544e+02
   5.1500000e+01   3.0000000e+02   3.2447544e+02
   5.1600000e+01   3.0000000e+02   3.2447544e+02
   5.1700000e+01   3.0000000e+02   3.2447544e+02
   5.1800000e+01   3.0000000e+02   3.2447544e+02
   5.1900000e+01   3.0000000e+02   3.2447544e+02
   5.2000000e+01   3.0000000e+02   3.2447544e+02
   5.2100000e+01   3.0000000e+02   3.2447544e+02
   5.2200000e+01   3.0000000e+02   3.2447544e+02
   5.2300000e+01   3.0000000e+02   3.2447544e+02
   5.2400000e+01   3.0000000e+02   3.2447544e+02
   5.2500000e+01   3.0000000e+02   3.2447544e+02
   5.2600000e+01   3.0000000e+02   3.2447544e+02
   5.2700000e+01   3.0000000e+02   3.2447544e+02
   5.2800000e+01   3.0000000e+02   3.2447544e+02
   5.2900000e+01   3.0000000e+02   3.2447544e+02
   5.3000000e+01   3.0000000e+02   3.2447544e+02
   5.3100000e+01   3.0000000e+02   3.2447544e+02
   5.3200000e+01   3.0000000e+02   3.2447544e+02
   5.3300000e+01   3.0000000e+02   3.2447544e+02
   5.3400000e+01   3.0000000e+02   3.2447544e+02
   5.3500000e+01   3.0000000e+02   3.2447544e+02
   5.3600000e+01   3.0000000e+02   3.2447544e+02
   5.3700000e+01   3.0000000e+02   3.2447544e+02
   5.3800000e+01   3.0000000e+02   3.2447544e+02
   5.3900000e+01   3.0000000e+02   3.2447544e+02
   5.4000000e+01   3.0000000e+02   3.2447544e+02
   5.4100000e+01   3.0000000e+02   3.2447544e+02
   5.4200000e+01   3.0000000e+02   3.2447544e+02
   5.4300000e+01   3.0000000e+02   3.2447544e+02
   5.4400000e+01   3.0000000e+02   3.2447544e+02
   5.4500000e+01   3.0000000e+02   3.2447544e+02
   5.4600000e+01   3.0000000e+02   3.2447544e+02
   5.4700000e+01   3.0000000e+02   3.2447544e+02
   5.4800000e+01   3.0000000e+02   3.2447544e+02
   5.4900000e+01   3.0000000e+02   3.2447544e+02
   5.5000000e+01   3.0000000e+02   3.2447544e+02
   5.5100000e+01   3.0000000e+02   3.2447544e+02
   5.5200000e+01   3.0000000e+02   3.2447544e+02
   5.5300000e+01   3.0000000e+02   3.2447544e+02
   5.5400000e+01   3.0000000e+02   3.2447544e+02
   5.5500000e+01   3.0000000e+02   3.2447544e+02
   5.5600000e+01   3.0000000e+02   3.2447544e+02
   5.5700000e+01   3.0000000e+02   3.2447544e+02
   5.5800000e+01   3.0000000e+02   3.2447544e+02
   5.5900000e+01   3.0000000e+02   3.2447544e+02
   5.6000000e+01   3.0000000e+02   3.2447544e+02
   5.6100000e+01   3.0000000e+02   3.2447544e+02
   5.6200000e+01   3.0000000e+02   3.2447544e+02
   5.6300000e+01   3.0000000e+02   3.2447544e+02
   5.6400000e+01   3.0000000e+02   3.2447544e+02
   5.6500000e+01   3.0000000e+02   3.2447544e+02
   5.6600000e+01   3.0000000e+02   3.2447544e+02
   5.6700000e+01   3.0000000e+02   3.2447544e+02
   5.6800000e+01   3.0000000e+02   3.2447544e+02
   5.6900000e+01   3.0000000e+02   3.2447544e+02
   5.7000000e+01   3.0000000e+02   3.2447544e+02
   5.7100000e+01   3.0000000e+02   3.2447544e+02
   5.7200000e+01   3.0000000e+02   3.2447544e+02
   5.7300000e+01   3.0000000e+02   3.2447544e+02
   5.7400000e+01   3.0000000e+02   3.2447544e+02
   5.7500000e+01   3.0000000e+02   3.2447544e+02
   5.7600000e+01   3.0000000e+02   3.2447544e+02
   5.7700000e+01   3.0000000e+02   3.2447544e+02
   5.7800000e+01   3.0000000e+02   3.2447544e+02
   5.7900000e+01   3.0000000e+02   3.2447544e+02
   5.8000000e+01   3.0000000e+02   3.2447544e+02
   5.8100000e+01   3.0000000e+02   3.2447544e+02
   5.8200000e+01   3.0000000e+02   3.2447544e+02
   5.8300000e+01   3.0000000e+02   3.2447544e+02
   5.8400000e+01   3.0000000e+02   3.2447544e+02
   5.8500000e+01   3.0000000e+02   3.2447544e+02
   5.8600000e+01   3.0000000e+02   3.2447544e+02
   5.8700000e+01   3.0000000e+02   3.2447544e+02
   5.8800000e+01   3.0000000e+02   3.2447544e+02
   5.8900000e+01   3.0000000e+02   3.2447544e+02
   5.9000000e+01   3.0000000e+02   3.2447544e+02
   5.9100000e+01   3.0000000e+02   3.2447544e+02
   5.9200000e+01   3.0000000e+02   3.2447544e+02
   5.9300000e+01   3.0000000e+02   3.2447544e+02
   5.9400000e+01   3.0000000e+02   3.2447544e+02
   5.9500000e+01   3.0000000e+02   3.2447544e+02
   5.9600000e+01   3.0000000e+02   3.2447544e+02
   5.9700000e+01   3.0000000e+02   3.2447544e+02
   5.9800000e+01   3.0000000e+02   3.2447544e+02
   5.9900000e+01   3.0000000e+02   3.2447544e+02
   6.0000000e+01   3.0000000e+02   3.2447544e+02
   6.0100000e+01   3.0000000e+02   3.2447544e+02
   6.0200000e+01   3.0000000e+02   3.2447544e+02
   6.0300000e+01   3.0000000e+02   3.2447544e+02
   6.0400000e+01   3.0000000e+02   3.2447544e+02
   6.0500000e+01   3.0000000e+02   3.2447544e+02
   6.0600000e+01   3.0000000e+02   3.2447544e+02
   6.0700000e+01   3.0000000e+02   3.2447544e+02
   6.0800000e+01   3.0000000e+02   3.2447544e+02
   6.0900000e+01   3.0000000e+02   3.2447544e+02
   6.1000000e+01   3.0000000e+02   3.2447544e+02
   6.1100000e+01   3.0000000e+02   3.2447544e+02
   6.1200000e+01   3.0000000e+02   3.2447544e+02
   6.1300000e+01   3.0000000e+02   3.2447544e+02
   6.1400000e+01   3.0000000e+02   3.2447544e+02
   6.1500000e+01   3.0000000e+02   3.2447544e+02
   6.1600000e+01   3.0000000e+02   3.2447544e+02
   6.1700000e+01   3.0000000e+02   3.2447544e+02
   6.1800000e+01   3.0000000e+02   3.2447544e+02
   6.1900000e+01   3.0000000e+02   3.2447544e+02
   6.2000000e+01   3.0000000e+02   3.2447544e+02
   6.2100000e+01   3.0000000e+02   3.2447544e+02
   6.2200000e+01   3.0000000e+02   3.2447544e+02
   6.2300000e+01   3.0000000e+02   3.2447544e+02
   6.2400000e+01   3.0000000e+02   3.2447544e+02
   6.2500000e+01   3.0000000e+02   3.2447544e+02
   6.2600000e+01   3.0000000e+02   3.2447544e+02
   6.2700000e+01   3.0000000e+02   3.2447544e+02
   6.2800000e+01   3.0000000e+02   3.2447544e+02
   6.2900000e+01   3.0000000e+02   3.2447544e+02
   6.3000000e+01   3.0000000e+02   3.2447544e+02
   6.3100000e+01   3.0000000e+02   3.2447544e+02
   6.3200000e+01   3.0000000e+02   3.2447544e+02
   6.3300000e+01   3.0000000e+02   3.2447544e+02
   6.3400000e+01   3.0000000e+02   3.2447544e+02
   6.3500000e+01   3.0000000e+02   3.2447544e+02
   6.3600000e+01   3.0000000e+02   3.2447544e+02
   6.3700000e+01   3.0000000e+02   3.2447544e+02
   6.3800000e+01   3.0000000e+02   3.2447544e+02
   6.3900000e+01   3.0000000e+02   3.2447544e+02
   6.4000000e+01   3.0000000e+02   3.2447544e+02
   6.4100000e+01   3.0000000e+02   3.2447544e+02
   6.4200000e+01   3.0000000e+02   3.2447544e+02
   6.4300000e+01   3.0000000e+02   3.2447544e+02
   6.4400000e+01   3.0000000e+02   3.2447544e+02
   6.4500000e+01   3.0000000e+02   3.2447544e+02
   6.4600000e+01   3.0000000e+02   3.2447544e+02
   6.4700000e+01   3.0000000e+02   3.2447544e+02
   6.4800000e+01   3.0000000e+02   3.2447544e+02
   6.4900000e+01   3.0000000e+02   3.2447544e+02
   6.5000000e+01   3.0000000e+02   3.2447544e+02
   6.5100000e+01   3.0000000e+02   3.2447544e+02
   6.5200000e+01   3.0000000e+02   3.2447544e+02
   6.5300000e+01   3.0000000e+02   3.2447544e+02
   6.5400000e+01   3.0000000e+02   3.2447544e+02
   6.5500000e+01   3.0000000e+02   3.2447544e+02
   6.5600000e+01   3.0000000e+02   3.2447544e+02
   6.5700000e+01   3.0000000e+02   3.2447544e+02
   6.5800000e+01   3.0000000e+02   3.2447544e+02
   6.5900000e+01   3.0000000e+02   3.2447544e+02
   6.6000000e+01   3.0000000e+02   3.2447544e+02
   6.6100000e+01   3.0000000e+02   3.2447544e+02
   6.6200000e+01   3.0000000e+02   3.2447544e+02
   6.6300000e+01   3.0000000e+02   3.2447544e+02
   6.6400000e+01   3.0000000e+02   3.2447544e+02
   6.6500000e+01   3.0000000e+02   3.2447544e+02
   6.6600000e+01   3.0000000e+02   3.2447544e+02
   6.6700000e+01   3.0000000e+02   3.2447544e+02
   6.6800000e+01   3.0000000e+02   3.2447544e+02
   6.6900000e+01   3.0000000e+02   3.2447544e+02
   6.7000000e+01   3.0000000e+02   3.2447544e+02
   6.7100000e+01   3.0000000e+02   3.2447544e+02
   6.7200000e+01   3.0000000e+02   3.2447544e+02
   6.7300000e+01   3.0000000e+02   3.2447544e+02
   6.7400000e+01   3.0000000e+02   3.2447544e+02
   6.7500000e+01   3.0000000e+02   3.2447544e+02
   6.7600000e+01   3.0000000e+02   3.2447544e+02
   6.7700000e+01   3.0000000e+02   3.2447544e+02
   6.7800000e+01   3.0000000e+02   3.2447544e+02
   6.7900000e+01   3.0000000e+02   3.2447544e+02
   6.8000000e+01   3.0000000e+02   3.2447544e+02
   6.8100000e+01   3.0000000e+02   3.2447544e+02
   6.8200000e+01   3.0000000e+02   3.2447544e+02
   6.8300000e+01   3.0000000e+02   3.2447544e+02
   6.8400000e+01   3.0000000e+02   3.2447544e+02
   6.8500000e+01   3.0000000e+02   3.2447544e+02
   6.8600000e+01   3.0000000e+02   3.2447544e+02
   6.8700000e+01   3.0000000e+02   3.2447544e+02
   6.8800000e+01   3.0000000e+02   3.2447544e+02
   6.8900000e+01   3.0000000e+02   3.2447544e+02
   6.9000000e+01   3.0000000e+02   3.2447544e+02
   6.9100000e+01   3.0000000e+02   3.2447544e+02
   6.9200000e+01   3.0000000e+02   3.2447544e+02
   6.9300000e+01   3.0000000e+02   3.2447544e+02
   6.9400000e+01   3.0000000e+02   3.2447544e+02
   6.9500000e+01   3.0000000e+02   3.2447544e+02
   6.9600000e+01   3.0000000e+02   3.2447544e+02
   6.9700000e+01   3.0000000e+02   3.2447544e+02
   6.9800000e+01   3.0000000e+02   3.2447544e+02
   6.9900000e+01   3.0000000e+02   3.2447544e+02
   7.0000000e+01   3.0000000e+02   3.2447544e+02
   7.0100000e+01   3.0000000e+02   3.2447544e+02
   7.0200000e+01   3.0000000e+02   3.2447544e+02
   7.0300000e+01   3.0000000e+02   3.2447544e+02
   7.0400000e+01   3.0000000e+02   3.2447544e+02
   7.0500000e+01   3.0000000e+02   3.2447544e+02
   7.0600000e+01   3.0000000e+02   3.2447544e+02
   7.0700000e+01   3.0000000e+02   3.2447544e+02
   7.0800000e+01   3.0000000e+02   3.2447544e+02
   7.0900000e+01   3.0000000e+02   3.2447544e+02
   7.1000000e+01   3.0000000e+02   3.2447544e+02
   7.1100000e+01   3.0000000e+02   3.2447544e+02
   7.1200000e+01   3.0000000e+02   3.2447544e+02
   7.1300000e+01   3.0000000e+02   3.2447544e+02
   7.1400000e+01   3.0000000e+02   3.2447544e+02
   7.1500000e+01   3.0000000e+02   3.2447544e+02
   7.1600000e+01   3.0000000e+02   3.2447544e+02
   7.1700000e+01   3.0000000e+02   3.2447544e+02
   7.1800000e+01   3.0000000e+02   3.2447544e+02
   7.1900000e+01   3.0000000e+02   3.2447544e+02
   7.2000000e+01   3.0000000e+02   3.2447544e+02
   7.2100000e+01   3.0000000e+02   3.2447544e+02
   7.2200000e+01   3.0000000e+02   3.2447544e+02
   7.2300000e+01   3.0000000e+02   3.2447544e+02
   7.2400000e+01   3.0000000e+02   3.2447544e+02
   7.2500000e+01   3.0000000e+02   3.2447544e+02
   7.2600000e+01   3.0000000e+02   3.2447544e+02
   7.2700000e+01   3.0000000e+02   3.2447544e+02
   7.2800000e+01   3.0000000e+02   3.2447544e+02
   7.2900000e+01   3.0000000e+02   3.2447544e+02
   7.3000000e+01   3.0000000e+02   3.2447544e+02
   7.3100000e+01   3.0000000e+02   3.2447544e+02
   7.3200000e+01   3.0000000e+02   3.2447544e+02
   7.3300000e+01   3.0000000e+02   3.2447544e+02
   7.3400000e+01   3.0000000e+02   3.2447544e+02
   7.3500000e+01   3.0000000e+02   3.2447544e+02
   7.3600000e+01   3.0000000e+02   3.2447544e+02
   7.3700000e+01   3.0000000e+02   3.2447544e+02
   7.3800000e+01   3.0000000e+02   3.2447544e+02
   7.3900000e+01   3.0000000e+02   3.2447544e+02
   7.4000000e+01   3.0000000e+02   3.2447544e+02
   7.4100000e+01   3.0000000e+02   3.2447544e+02
   7.4200000e+01   3.0000000e+02   3.2447544e+02
   7.4300000e+01   3.0000000e+02   3.2447544e+02
   7.4400000e+01   3.0000000e+02   3.2447544e+02
   7.4500000e+01   3.0000000e+02   3.2447544e+02
   7.4600000e+01   3.0000000e+02   3.2447544e+02
   7.4700000e+01   3.0000000e+02   3.2447544e+02
   7.4800000e+01   3.0000000e+02   3.2447544e+02
   7.4900000e+01   3.0000000e+02   3.2447544e+02
   7.5000000e+01   3.0000000e+02   3.2447544e+02
   7.5100000e+01   3.0000000e+02   3.2447544e+02
   7.5200000e+01   3.0000000e+02   3.2447544e+02
   7.5300000e+01   3.0000000e+02   3.2447544e+02
   7.5400000e+01   3.0000000e+02   3.2447544e+02
   7.5500000e+01   3.0000000e+02   3.2447544e+02
   7.5600000e+01   3.0000000e+02   3.2447544e+02
   7.5700000e+01   3.0000000e+02   3.2447544e+02
   7.5800000e+01   3.0000000e+02   3.2447544e+02
   7.5900000e+01   3.0000000e+02   3.2447544e+02
   7.6000000e+01   3.0000000e+02   3.2447544e+02
   7.6100000e+01   3.0000000e+02   3.2447544e+02
   7.6200000e+01   3.0000000e+02   3.2447544e+02
   7.6300000e+01   3.0000000e+02   3.2447544e+02
   7.6400000e+01   3.0000000e+02   3.2447544e+02
   7.6500000e+01   3.0000000e+02   3.2447544e+02
   7.6600000e+01   3.0000000e+02   3.2447544e+02
   7.6700000e+01   3.0000000e+02   3.2447544e+02
   7.6800000e+01   3.0000000e+02   3.2447544e+02
   7.6900000e+01   3.0000000e+02   3.2447544e+02
   7.7000000e+01   3.0000000e+02   3.2447544e+02
   7.7100000e+01   3.0000000e+02   3.2447544e+02
   7.7200000e+01   3.0000000e+02   3.2447544e+02
   7.7300000e+01   3.0000000e+02   3.2447544e+02
   7.7400000e+01   3.0000000e+02   3.2447544e+02
   7.7500000e+01   3.0000000e+02   3.2447544e+02
   7.7600000e+01   3.0000000e+02   3.2447544e+02
   7.7700000e+01   3.0000000e+02   3.2447544e+02
   7.7800000e+01   3.0000000e+02   3.2447544e+02
   7.7900000e+01   3.0000000e+02   3.2447544e+02
   7.8000000e+01   3.0000000e+02   3.2447544e+02
   7.8100000e+01   3.0000000e+02   3.2447544e+02
   7.8200000e+01   3.0000000e+02   3.2447544e+02
   7.8300000e+01   3.0000000e+02   3.2447544e+02
   7.8400000e+01   3.0000000e+02   3.2447544e+02
   7.8500000e+01   3.0000000e+02   3.2447544e+02
   7.8600000e+01   3.0000000e+02   3.2447544e+02
   7.8700000e+01   3.0000000e+02   3.2447544e+02
   7.8800000e+01   3.0000000e+02   3.2447544e+02
   7.8900000e+01   3.0000000e+02   3.2447544e+02
   7.9000000e+01   3.0000000e+02   3.2447544e+02
   7.9100000e+01   3.0000000e+02   3.2447544e+02
   7.9200000e+01   3.0000000e+02   3.2447544e+02
   7.9300000e+01   3.0000000e+02   3.2447544e+02
   7.9400000e+01   3.0000000e+02   3.2447544e+02
   7.9500000e+01   3.0000000e+02   3.2447544e+02
   7.9600000e+01   3.0000000e+02   3.2447544e+02
   7.9700000e+01   3.0000000e+02   3.2447544e+02
   7.9800000e+01   3.0000000e+02   3.2447544e+02
   7.9900000e+01   3.0000000e+02   3.2447544e+02
   8.0000000e+01   3.0000000e+02   3.2447544e+02
   8.0100000e+01   3.0000000e+02   3.2447544e+02
   8.0200000e+01   3.0000000e+02   3.2447544e+02
   8.0300000e+01   3.0000000e+02   3.2447544e+02
   8.0400000e+01   3.0000000e+02   3.2447544e+02
   8.0500000e+01   3.0000000e+02   3.2447544e+02
   8.0600000e+01   3.0000000e+02   3.2447544e+02
   8.0700000e+01   3.0000000e+02   3.2447544e+02
   8.0800000e+01   3.0000000e+02   3.2447544e+02
   8.0900000e+01   3.0000000e+02   3.2447544e+02
   8.1000000e+01   3.0000000e+02   3.2447544e+02
   8.1100000e+01   3.0000000e+02   3.2447544e+02
   8.1200000e+01   3.0000000e+02   3.2447544e+02
   8.1300000e+01   3.0000000e+02   3.2447544e+02
   8.1400000e+01   3.0000000e+02   3.2447544e+02
   8.1500000e+01   3.0000000e+02   3.2447544e+02
   8.1600000e+01   3.0000000e+02   3.2447544e+02
   8.1700000e+01   3.0000000e+02   3.2447544e+02
   8.1800000e+01   3.0000000e+02   3.2447544e+02
   8.1900000e+01   3.0000000e+02   3.2447544e+02
   8.2000000e+01   3.0000000e+02   3.2447544e+02
   8.2100000e+01   3.0000000e+02   3.2447544e+02
   8.2200000e+01   3.0000000e+02   3.2447544e+02
   8.2300000e+01   3.0000000e+02   3.2447544e+02
   8.2400000e+01   3.0000000e+02   3.2447544e+02
   8.2500000e+01   3.0000000e+02   3.2447544e+02
   8.2600000e+01   3.0000000e+02   3.2447544e+02
   8.2700000e+01   3.0000000e+02   3.2447544e+02
   8.2800000e+01   3.0000000e+02   3.2447544e+02
   8.2900000e+01   3.0000000e+02   3.2447544e+02
   8.3000000e+01   3.0000000e+02   3.2447544e+02
   8.3100000e+01   3.0000000e+02   3.2447544e+02
   8.3200000e+01   3.0000000e+02   3.2447544e+02
   8.3300000e+01   3.0000000e+02   3.2447544e+02
   8.3400000e+01   3.0000000e+02   3.2447544e+02
   8.3500000e+01   3.0000000e+02   3.2447544e+02
   8.3600000e+01   3.0000000e+02   3.2447544e+02
   8.3700000e+01   3.0000000e+02   3.2447544e+02
   8.3800000e+01   3.0000000e+02   3.2447544e+02
   8.3900000e+01   3.0000000e+02   3.2447544e+02
   8.4000000e+01   3.0000000e+02   3.2447544e+02
   8.4100000e+01   3.0000000e+02   3.2447544e+02
   8.4200000e+01   3.0000000e+02   3.2447544e+02
   8.4300000e+01   3.0000000e+02   3.2447544e+02
   8.4400000e+01   3.0000000e+02   3.2447544e+02
   8.4500000e+01   3.0000000e+02   3.2447544e+02
   8.4600000e+01   3.0000000e+02   3.2447544e+02
   8.4700000e+01   3.0000000e+02   3.2447544e+02
   8.4800000e+01   3.0000000e+02   3.2447544e+02
   8.4900000e+01   3.0000000e+02   3.2447544e+02
   8.5000000e+01   3.0000000e+02   3.2447544e+02
   8.5100000e+01   3.0000000e+02   3.2447544e+02
   8.5200000e+01   3.0000000e+02   3.2447544e+02
   8.5300000e+01   3.0000000e+02   3.2447544e+02
   8.5400000e+01   3.0000000e+02   3.2447544e+02
   8.5500000e+01   3.0000000e+02   3.2447544e+02
   8.5600000e+01   3.0000000e+02   3.2447544e+02
   8.5700000e+01   3.0000000e+02   3.2447544e+02
   8.5800000e+01   3.0000000e+02   3.2447544e+02
   8.5900000e+01   3.0000000e+02   3.2447544e+02
   8.6000000e+01   3.0000000e+02   3.2447544e+02
   8.6100000e+01   3.0000000e+02   3.2447544e+02
   8.6200000e+01   3.0000000e+02   3.2447544e+02
   8.6300000e+01   3.0000000e+02   3.2447544e+02
   8.6400000e+01   3.0000000e+02   3.2447544e+02
   8.6500000e+01   3.0000000e+02   3.2447544e+02
   8.6600000e+01   3.0000000e+02   3.2447544e+02
   8.6700000e+01   3.0000000e+02   3.2447544e+02
   8.6800000e+01   3.0000000e+02   3.2447544e+02
   8.6900000e+01   3.0000000e+02   3.2447544e+02
   8.7000000e+01   3.0000000e+02   3.2447544e+02
   8.7100000e+01   3.0000000e+02   3.2447544e+02
   8.7200000e+01   3.0000000e+02   3.2447544e+02
   8.7300000e+01   3.0000000e+02   3.2447544e+02
   8.7400000e+01   3.0000000e+02   3.2447544e+02
   8.7500000e+01   3.0000000e+02   3.2447544e+02
   8.7600000e+01   3.0000000e+02   3.2447544e+02
   8.7700000e+01   3.0000000e+02   3.2447544e+02
   8.7800000e+01   3.0000000e+02   3.2447544e+02
   8.7900000e+01   3.0000000e+02   3.2447544e+02
   8.8000000e+01   3.0000000e+02   3.2447544e+02
   8.8100000e+01   3.0000000e+02   3.2447544e+02
   8.8200000e+01   3.0000000e+02   3.2447544e+02
   8.8300000e+01   3.0000000e+02   3.2447544e+02
   8.8400000e+01   3.0000000e+02   3.2447544e+02
   8.8500000e+01   3.0000000e+02   3.2447544e+02
   8.8600000e+01   3.0000000e+02   3.2447544e+02
   8.8700000e+01   3.0000000e+02   3.2447544e+02
   8.8800000e+01   3.0000000e+02   3.2447544e+02
   8.8900000e+01   3.0000000e+02   3.2447544e+02
   8.9000000e+01   3.0000000e+02   3.2447544e+02
   8.9100000e+01   3.0000000e+02   3.2447544e+02
   8.9200000e+01   3.0000000e+02   3.2447544e+02
   8.9300000e+01   3.0000000e+02   3.2447544e+02
   8.9400000e+01   3.0000000e+02   3.2447544e+02
   8.9500000e+01   3.0000000e+02   3.2447544e+02
   8.9600000e+01   3.0000000e+02   3.2447544e+02
   8.9700000e+01   3.0000000e+02   3.2447544e+02
   8.9800000e+01   3.0000000e+02   3.2447544e+02
   8.9900000e+01   3.0000000e+02   3.2447544e+02
   9.0000000e+01   3.0000000e+02   3.2447544e+02
   9.0100000e+01   3.0000000e+02   3.2447544e+02
   9.0200000e+01   3.0000000e+02   3.2447544e+02
   9.0300000e+01   3.0000000e+02   3.2447544e+02
   9.0400000e+01   3.0000000e+02   3.2447544e+02
   9.0500000e+01   3.0000000e+02   3.2447544e+02
   9.0600000e+01   3.0000000e+02   3.2447544e+02
   9.0700000e+01   3.0000000e+02   3.2447544e+02
   9.0800000e+01   3.0000000e+02   3.2447544e+02
   9.0900000e+01   3.0000000e+02   3.2447544e+02
   9.1000000e+01   3.0000000e+02   3.2447544e+02
   9.1100000e+01   3.0000000e+02   3.2447544e+02
   9.1200000e+01   3.0000000e+02   3.2447544e+02
   9.1300000e+01   3.0000000e+02   3.2447544e+02
   9.1400000e+01   3.0000000e+02   3.2447544e+02
   9.1500000e+01   3.0000000e+02   3.2447544e+02
   9.1600000e+01   3.0000000e+02   3.2447544e+02
   9.1700000e+01   3.0000000e+02   3.2447544e+02
   9.1800000e+01   3.0000000e+02   3.2447544e+02
   9.1900000e+01   3.0000000e+02   3.2447544e+02
   9.2000000e+01   3.0000000e+02   3.2447544e+02
   9.2100000e+01   3.0000000e+02   3.2447544e+02
   9.2200000e+01   3.0000000e+02   3.2447544e+02
   9.2300000e+01   3.0000000e+02   3.2447544e+02
   9.2400000e+01   3.0000000e+02   3.2447544e+02
   9.2500000e+01   3.0000000e+02   3.2447544e+02
   9.2600000e+01   3.0000000e+02   3.2447544e+02
   9.2700000e+01   3.0000000e+02   3.2447544e+02
   9.2800000e+01   3.0000000e+02   3.2447544e+02
   9.2900000e+01   3.0000000e+02   3.2447544e+02
   9.3000000e+01   3.0000000e+02   3.2447544e+02
   9.3100000e+01   3.0000000e+02   3.2447544e+02
   9.3200000e+01   3.0000000e+02   3.2447544e+02
   9.3300000e+01   3.0000000e+02   3.2447544e+02
   9.3400000e+01   3.0000000e+02   3.2447544e+02
   9.3500000e+01   3.0000000e+02   3.2447544e+02
   9.3600000e+01   3.0000000e+02   3.2447544e+02
   9.3700000e+01   3.0000000e+02   3.2447544e+02
   9.3800000e+01   3.0000000e+02   3.2447544e+02
   9.3900000e+01   3.0000000e+02   3.2447544e+02
   9.4000000e+01   3.0000000e+02   3.2447544e+02
   9.4100000e+01   3.0000000e+02   3.2447544e+02
   9.4200000e+01   3.0000000e+02   3.2447544e+02
   9.4300000e+01   3.0000000e+02   3.2447544e+02
   9.4400000e+01   3.0000000e+02   3.2447544e+02
   9.4500000e+01   3.0000000e+02   3.2447544e+02
   9.4600000e+01   3.0000000e+02   3.2447544e+02
   9.4700000e+01   3.0000000e+02   3.2447544e+02
   9.4800000e+01   3.0000000e+02   3.2447544e+02
   9.4900000e+01   3.0000000e+02   3.2447544e+02
   9.5000000e+01   3.0000000e+02   3.2447544e+02
   9.5100000e+01   3.0000000e+02   3.2447544e+02
   9.5200000e+01   3.0000000e+02   3.2447544e+02
   9.5300000e+01   3.0000000e+02   3.2447544e+02
   9.5400000e+01   3.0000000e+02   3.2447544e+02
   9.5500000e+01   3.0000000e+02   3.2447544e+02
   9.5600000e+01   3.0000000e+02   3.2447544e+02
   9.5700000e+01   3.0000000e+02   3.2447544e+02
   9.5800000e+01   3.0000000e+02   3.2447544e+02
   9.5900000e+01   3.0000000e+02   3.2447544e+02
   9.6000000e+01   3.0000000e+02   3.2447544e+02
   9.6100000e+01   3.0000000e+02   3.2447544e+02
   9.6200000e+01   3.0000000e+02   3.2447544e+02
   9.6300000e+01   3.0000000e+02   3.2447544e+02
   9.6400000e+01   3.0000000e+02   3.2447544e+02
   9.6500000e+01   3.0000000e+02   3.2447544e+02
   9.6600000e+01   3.0000000e+02   3.2447544e+02
   9.6700000e+01   3.0000000e+02   3.2447544e+02
   9.6800000e+01   3.0000000e+02   3.2447544e+02
   9.6900000e+01   3.0000000e+02   3.2447544e+02
   9.7000000e+01   3.0000000e+02   3.2447544e+02
   9.7100000e+01   3.0000000e+02   3.2447544e+02
   9.7200000e+01   3.0000000e+02   3.2447544e+02
   9.7300000e+01   3.0000000e+02   3.2447544e+02
   9.7400000e+01   3.0000000e+02   3.2447544e+02
   9.7500000e+01   3.0000000e+02   3.2447544e+02
   9.7600000e+01   3.0000000e+02   3.2447544e+02
   9.7700000e+01   3.0000000e+02   3.2447544e+02
   9.7800000e+01   3.0000000e+02   3.2447544e+02
   9.7900000e+01   3.0000000e+02   3.2447544e+02
   9.8000000e+01   3.0000000e+02   3.2447544e+02
   9.8100000e+01   3.0000000e+02   3.2447544e+02
   9.8200000e+01   3.0000000e+02   3.2447544e+02
   9.8300000e+01   3.0000000e+02   3.2447544e+02
   9.8400000e+01   3.0000000e+02   3.2447544e+02
   9.8500000e+01   3.0000000e+02   3.2447544e+02
   9.8600000e+01   3.0000000e+02   3.2447544e+02
   9.8700000e+01   3.0000000e+02   3.2447544e+02
   9.8800000e+01   3.0000000e+02   3.2447544e+02
   9.8900000e+01   3.0000000e+02   3.2447544e+02
   9.9000000e+01   3.0000000e+02   3.2447544e+02
   9.9100000e+01   3.0000000e+02   3.2447544e+02
   9.9200000e+01   3.0000000e+02   3.2447544e+02
   9.9300000e+01   3.0000000e+02   3.2447544e+02
   9.9400000e+01   3.0000000e+02   3.2447544e+02
   9.9500000e+01   3.0000000e+02   3.2447544e+02
   9.9600000e+01   3.0000000e+02   3.2447544e+02
   9.9700000e+01   3.0000000e+02   3.2447544e+02
   9.9800000e+01   3.0000000e+02   3.2447544e+02
   9.9900000e+01   3.0000000e+02   3.2447544e+02
   1.0000000e+02   3.0000000e+02   3.2447544e+02
